01101100000010111100011011001111111000101010000000101111101100110111100010
011011001000100101001010110111100100110101100111100010
01101100111100010
0110110000011110111001010001001101101100110110011100010
011011001010111100010
01101100000011011100010
01101100000111001100000001011101000010111100010
01101100010011100010
0110110000011100010
01101100101000010111010010010011100010
011011001111100010
011011000111011111110010000101011100010
011011000101010101100100011001000010011100100111011111010011100010
01101100111001000100110000010111011010101110011000111110010110111011110101001011010001101000110011100010
01101100000101010001010111011111100111011100010
011011000011100010
011011000011110011000010001101111000111100010
0110110001111100111101100111011100010
01101100000100100010100001011111100111001111100010
0110110011010111110011100010
0110110010000011100010
011011000001111001000111010011100010
011011000111011111100010
01101100010000101100101001111100010
01101100001111010010110000110000111100010
011011001011110011100010
011011001011101101001000000100001101111010111110111100010
011011000101010111100010
011011001000000100100110111101011100010
0110110011100010
0110110000000011100010
0110110011100010
0110110010101111101101100101011011101100101001110000100000100110101111100010
0110110011001011000110111001011111001011110001101110001001010011000010111101011100111111000000111111111100010
0110110010100100101000000111100011100110000111100010
011011001100000011100010
01101100011101010001001010111100010
01101100000101111100010110100001100011000010001000101001001100000001110110100111011100010
011011001000100101001111010111101001011001111111000110010110010001011001000010010000011011111011011011010101101000101010001110111001010110011000111111100010
01101100111100010
0110110010111100010
011011001000110001101111111001111100010111011110010000101111101001101010111100010
011011001110011100010
011011000111111100111101010101011111100010
011011000110101111100001000110111010111011111100010
01101100001111100010
011011000011100010
0110110001110001000101100110111100010
01101100010110010010110101000111101100000001100010000100010101010001011101011001101010111110011011010111010110100100011101101011000000111000000011101100001111100010100100110100011100010
01101100011001111010001100110001010001100110001101111001100011011100010
011011001100110110000100000111111010011101001010110110100010111100010
01101100101100101100000101100111100010
01101100000001111100010
0110110001011111001001011011011011100010
011011001101101010100001101100001011100010
01101100010010111111110101110100111100010
011011000011101100010011001100011000101010110100110011010011100010
0110110011100010
0110110001001111100010
0110110011001100011000111101010000001001011010110110011100010
011011001011001110011000100011111011010011100010
011011001111001100100101011110111111100010
01101100100111100010
011011001000101000001111100010
0110110001101100000111111100111100010
0110110011001100111100010
01101100110000110011000100001001011100010
0110110010000001001110000101101011111101111010000111001110111100010
011011001011100010
0110110011011011100001010111100010
0110110010101100111010011100010
01101100111000001001011011010110111000010000001000011100010
01101100010110101100100001111110100000000010100000001111111110010111100011100000011100010
01101100010011100001111011110000110110111110000010000110100111100010
011011000101111111110011100010
0110110011100010
0110110001001110010110001111011010111100010
0110110011100010
011011000011010010000110000011001101111101000111011100010
0110110011101011111001111100010011110000001111101111100010
01101100111111010100111101010011100010
0110110001010010111110111011000101110111010100110000000011011100110010111100010
0110110011111011101100001011111000011100010
0110110001001000011110001111100010
01101100010010111100010
01101100100010011001010100000011000111110011111011000001100000001100000111101101000101111100010
01101100000000111001000010010100010111100010
011011000010111111100010
011011000001101111011011011101001110011100010110000010101101100111100010
011011000010010101011000001011000110011100010
011011001000100010010010000001110000110011111100100001101100101101010101011101101100011100010
011011000111100010
01101100000001100011101010101111011111100010
011011000100100101001001111011110010110101111001000001011100010111001110001111011010111110101001001001111011111100111100010
0110110010010111111011111001011010111111111101011111100010
01101100100111010010111100110100111010011101101101001101000100011100010
01101100100011000101110110111100010100111111110111111111000011011001001000111101001110011100010
01101100111010011110101010001010110001010011100010
011011000011100010
01101100001110101011100010
01101100111010110111001011000100001101101001111101100110010110011100001111011100010
01101100001011100010
0110110001111100010
01101100011100010
01101100101110111011101101010010111111010011011001001010001110101001111000010101111101111100010
01101100100110110011011110011111000000101100000110110101011111011010101101111100010
011011001100011010000100010010100011010111001011101110011110000101000110111010011100001100010110110001101101000011100010
0110110000001100001111100010110100010011100010
0110110010001001100001110011011001110000110111110000000100001000011110010000000011011100010
011011000000110001000100010010000010111010000101011011100010
0110110000110000100011010111101101011000000001011100010
0110110010101111001110101010011101001011010100010010101000100001110110010010101011001010111111011000101111110100100001101110000111010101100011100010
0110110000111100010
011011000011100010
011011000011101010001111001100001011100011100111011001011100111100010
01101100000100000010010000101010000101010111010100011100010
011011000101101011100000100010111100010
01101100001101100000000000000001110001111110111101001111001000110001001111001100001011100111110010110000011100010
01101100111000100010101011011001001010100110111100010
01101100000100111101100001111100010
0110110010010000011011011101001001110011010111100010
01101100001001000100001101100111100010
0110110010001100011100010
011011000111101001011111100010
011011001001110011100010
01101100010111100010
011011001011100011010100010011001011100010
0110110001011001010111011111100010
01101100001100000010011110100011100110110001010110110000011100010
011011001100011110011100001110000001000000110111000011100010
01101100010110010000110001101111111100010
011011000111101111010010111100111101101011100100010110001010000100110110111100010
01101100011000101101110101010100011101001010011100010
0110110011110011101000101111011100010
011011001010000110110001010011100010
0110110010100010000111100001100010011100010
0110110010011000010011100010
01101100001001000010100001111100010
011011000111111111111101011010101011101111100010
0110110011100010
0110110000011100010
011011001010010100101011110010111111000111100011101111100010
01101100011011101100011000001011100010
0110110010101110010011011100010
01101100010101110010101101100100111100010
011011001010111100110101110110101011011101001000010010000110100011101101011100010
011011001100111010001110000011101110110010111011001000100111100000101011101010000101111110110101111101110010100001100011001101111110110101110001100010101100010111011010001110011101101000101011100001001111011001111110100000000000101010010011101011100111010010011011010011100010
011011001011011100010
01101100010111011001111111001000001101101001000001001010101001111100010
011011000101110101111010111000101111001110001100001000011111111100000101000000101001101011101001110010100111100010
011011000000010010010110110011101001100010010011011100010
0110110010100000110110010001000100000101111100010
0110110010110110000111111010101101110111010011001100011000011111100010
0110110000001011100010
011011000011010001000000111100010
011011000010100111100011001010010001101000101000001011011100010
011011001000110100110101110001001111111100010
0110110011100010
011011000000010001010010100111110110000101011100010
011011000010000111101001010111110110011100010
011011001101011111111001000011111010101001101011000001000110010111001111011100010
01101100111001010111000110000100110101101110111111011110011111011111101000010010011001010000011111001100100001011100010
0110110010010011011011010100001110010011010011011100010
011011001110010011011001010000111011100010
01101100111110110111100110010010101011100010
0110110001001111101000001100000101010111100010
01101100111110110101001010100000111001001001000001111101111100010
01101100110110001001101101011010111100011111100000101101111100000010110111100110011000010000011101111100010
01101100010101110110010001101010011000011011001111111100010
011011000001011110000101100101111100010
0110110011111010100010110101101110110011011010100110100110111100010
01101100011100100110011100010
011011001100010010111100010
0110110000111110011000010010110010111010011100010
011011000010011110101000101011000011111001001110110111010110011100010
011011000010010100001111010100000101110011111000001011111000010111000001011100010
01101100011100010
0110110010010011101000110001010011000000100111011100010
0110110011100011100010
011011000001111010000110101111100010
01101100100001011101101011001000111100010
01101100001001111011101010111100010
0110110011111111001011011100111011100011101111010100011100010
011011000101011100010
011011001011001000100111001011100010
01101100111010100001011100111111010011100010
0110110000000101011100010100111011011100010
011011001011011011001010101011110111100010
0110110010101001101000111100010
011011001011010000010000111100010
01101100000110111111100011100010
011011001000111100111000111011100010
01101100011011111011010010000100001011100010
01101100110011000011001011010111010011001010010101111111100010
0110110000110011001011111100010
011011001001000000010111110011101011101101010111100010
011011001100011111111111100010
01101100111001110111101010111001101101011100010
01101100010011100010
011011000001100111011101011111010011100010
011011000100011101000000100110011011111100010
0110110010101100111011000111100010
0110110000000111010100100100100110111100010
0110110010100101001100011011100001001100011011100010
0110110010100000000100011111110111011100010
011011000010100110100100011010101011001111000110101011100010
01101100000110001011010101101011100010
01101100001100101011101110100111101001111100010
0110110001011100010
0110110000010011010111011100010
01101100111100010
01101100000111011001010011100010
0110110011111100010
011011001011101011100010
01101100001001000011011101011001101110100101111111010111100111100101100110001000010011111100010
0110110000110001110011100010
011011001101000110100111000011100000010101100001011111111100001101000101100100110110100000101011011111111000000100111100010
01101100001100011100000111100010
0110110010101110111100110111110111001111011011001000010011011100010
011011000000001110111100010
0110110010010001011111100010
01101100101110010111110011111111101011001000010110101010000010001001111110000111101001111100011011011100010
0110110011001011111110110110011111011011111011100010
011011001010001001110010010000111010000000100111100010
011011001000001111010110000110011000101111100100011100101011100100000000010011101110011111100010101011111100011100010
011011001110011111000000011011100010
011011001010011011001110001000111001110100001000111011110111100010
0110110000100100111100010
01101100101100010111111100100111011100010
01101100111100010
0110110010001111101111010110110111110101000101010111111111110100110010011011001011111100010
01101100111100010
0110110010111010111111011100010
011011000101000000011100010
0110110011110100000111111100010
01101100100111101100000001111100010
0110110001100110100100101110000001101101101110011100010
011011000111100010
011011000000100110101001100110011110000111000011110011100010
0110110000111100010
0110110010111111100010
0110110000110111101000001001010110111100110110000100001100101101010000111100010
01101100000100001011110001011100010
0110110001110011100110
01101100010110100010101111000011100010
01101100010100100011111010000010000010110111010010110001110110100100111011100010
0110110011110010100010000100011101110000000111000000111001111000010111100010
0110110000111101101101001011101100011010101011001001010100010011001000110011011010101110110011011011101100010011100001111111101101001000111100010
011011000001010010110001100000101111000010111100010
01101100110011000010111111001100100111100010
0110110001111100010
0110110010001000011001101010101010001101011001010011101001111100010
011011000111011100010
0110110010111001101111100010
01101100110010101111100010
0110110000011001000000000110111111001000000001001000100010110001011011010011000010111011100010
01101100000010110001111100010
01101100101001111100010
01101100111011100010
011011000111100010
0110110000010001111100010
0110110000111100010
0110110001010111010110001001001000001100001011011110101010000011100010
011011000011111100010
01101100011011100010
01101100011100010
01101100010100010010101111100010
01101100000111011011100010
01101100101010110101111011011000011011100010
01101100001011100010
0110110001110100110011110101011111000111111001100010001110011001001110000111111001110001011001011101011011110111011100010
0110110011100010
011011001011000111011000101010011000011011000011111101001011110011110010010000101100100001010011001000111100010
0110110010111011100010
01101100111001011110101001110011100010
01101100101111100010
01101100110100001100011001000110011101011100010
01101100101101101011101111101000111100010
01101100010111101101010000010010000010001011101111100010
0110110001101100101111000000100101110100001100101001011000001110010011110010110101010111100001111100100101111111111100101010010010100010101010101000000000010110100011100010
011011001100011100010
011011001010111101101111010110111100000111011100101001000011011100110011100010
01101100110101101000010111110110000101111110001000111100010
0110110000100110101010110100111100010
0110110010001110101011100010
0110110010011000100110000110001111100010
01101100101111100010
011011001110011011011010001011100010
01101100001000010011100010
01101100111111000111010100010000001011001100110111111000001111100010
011011000000100110001111010111101101011001011111110100000011110111100010
01101100100010111001001010111011001110111001000001001100101100110011100010
01101100111010100111100010
0110110011000011110101111100010
011011000110101011001110011000111110010100101110011001010101101000001001010011111100010
0110110000101000010001110011100010
0110110011100010
0110110001011100010
0110110001111000011100110101001110011111110101010101000111000110001011101000101001001111100010
01101100100111011111111111111000001010001111011110101100111110110100000100000111000001110111100010
01101100110101000100000101010001111001000100110101010011101010110100101101111100010
0110110010001010011011010001001101001010011100010
01101100011001001011111100010
011011001010110110100110000001001011000010111001010100111011101010000010100111000110000011110100110000101101111001011101000100110011111100010011100010
01101100101110000010111011010110110011100010
0110110000100101001100000111100010
01101100001011111011000100011100011111010011100001110011111011011111110001010010011110010101101111100010
011011001110011111111011001011011100010
01101100111101011100010
01101100101111100010
011011001100111000110100101110011010010111001010100011110000110110110001001111100010
0110110010001001011100010
01101100000101000000001111100010
0110111000010100011111100111111011001000010001001001111001111101100110110010100100100110001010111011010011001101111011100011100110001100100100100010111000100110101111000100111000011101100111100010
011011000110101000110000011010011110011000111110000110011100010
01101100010011010000101100101000000101011100010
0110110010101011111100010
0110110001001000111100010
0110110011011100010
011011001011001111101001110000100110011100010
01101100011100010
011011001111010000101111100010
011011000111100010
011011000110110110000111101101100101011100010
01101100100111001110001010100001111010001101110111100010
0110110010011110001101000000111111001100101011100010
01101100000011100010
0110110010011000001011100010
01101100000000101001101100001100000011100110010010110000011100010101111001101111000001101100111111011000001010101100010011010011000011100101000101111101111011000100011010101011000110000111100001000111001111100110101011001111100010
011011001000010000110011111110111100010
01101100001000110100101110111111100110011100101101001001110011100010
01101100010001011100111011100010
011011000110010010001011110001110100111100010
011011001110100000001001011111010101011100010
01101100111101111100010
011011000011010110100110111101011000011100010
0110110010100010011011100010

01101100011100010
011011001111111010001000111100010
011011001011111010101000011110111100010
01101100010010011001111100011100010
011011001010010011100010
0110110011010101011100010
011011000110010111111100010
0110110001110000111100010
0110110001011001000001001101001110011100010
0110110010001010011100010
011011000100000111111100110100101110011011100010
0110110010101000111110100010011100010
011011001000001110110000110110011000011100010
0110110000001101100010001011100010
01101100011011000011110111100010
0110110011100011011111100010
0110110010001110010101000111010000100100101100011110111110011010101011100010
011011000101010111100010
01101100010000100111101001001011010111000010011100010
011011001100101010111100010
0110110010010010110101100011000111001011100010
011011001101000110110101010100010100100000000100001111101011011011100100001000101001010011001001010110101001010111001100000001001000100110000100100111110001110110011101111000101110101001101000100000111001000011111100010
01101100111100010
0110110001111100010
011011001111101100010001000111100010
0110110001001111001000111101111110111000101010011100010
011011001001011111111100010
01101100001001001100100011111100010
011011001111001110001111100010
0110110011100010
01101100100011011100010
0110110011001001101100011111100010
01101100001010111101110111111101010100110000011100010
01101100000101111100010
011011000011100010
011011001100111111111101101111100010
011011001001101001111100010
0110110011111010111001010010001101010100001111101000111001110101110010001111100010
011011000010010101010110001110011111001000100001011111100010
01101100100101110100110110111100010
0110110000011000010000001101110101100100111100010
011011001110011111100010
011011001110100110111011100010
01101100000101111001011000001011100110011100101100010000110110001010100100101011100011100010
0110110010101011110011100010
011011000111100010
01101100100011000100100011100010
011011000011100010
011011001100111011100010
01101100001100010010011100010
01101100100011110010111011110010010100000011100010
011011001000001010011111111100010
01101100101000010100011111100011100010
01101100001001001111100101100000100111110000001010100111100010
0110110011100010
01101100111100010
01101100101111011100010
01101100111100010
011011000110000110000111100010
01101100000111010100111100111100010
01101100110111100010
0110110000010011010101010011101100101110110111000011100010
01101100110111111100010
011011000000000100100001000101010101010100100000001011100010
01101100101001011001000100011011011000111011100010
01101100110100010001111111111011110111100010
0110110011110011111000101101011001011011111100010
011011000001010111100010
01101100101100110000111100010
011011000011100010
0110110011100010
01101100011100010
0110110001100111100010
0110110001110000000101011011001110110111101001100011100010
0110110010100011001111000110101110001101000100000011111100010
011011001111110001000001010111101000111100111101011100010
011011001011110000001000011100011011011100011001101101000111111100010
01101100100010001011100010
01101100001101111001101001010011100010
0110110010111100010
011011000011100010
01101100111000001101111100000111001111100010
011011000101011100010
0110110011011100010
011011000110101110101011100010
0110110000011001011100010
01101100000011011000000010101100010111001011100010
01101100100101010001111101000110101010011111101101100100111011011100010
01101100110000100100110111100010
01101100111101100001011010111100010
011011001001000100101110011101100111011100010
0110110000000111010011100000101010111101100001100001011111111100010
01101100011100010
0110110011100010
011011001111011111100111000001111101010011110100001100000001110011110100000000010101010010011000011111100010
0110110011000101001001010111100010
011011001011000110111111110011001011110011011100010
011011000111001100011010011010010111011100010
0110110010001011100010
0110110010001111100010
0110110000111100010
011011001111100010
0110110011110000100100101000111001001111010000001000100101100001011111100010
011011000110111100010
01101100000001101110110010110111111001111010101100110001110110000011111011011000011001100100001101101111010110110110011100010
0110110000100000010111100010
0110110010000100101110101110110010000111000011100010
011011001110011011100010
011011001001010010110101111100010000010011100010
011011000111111110111010110101111100010
0110110000000111111100111011101010011100010
011011001110001011000010010010100111100010
0110110001100101100110010000001101100011000001010100110011100010
011011001111100010
011011001101010000010111100010

011011000111100010
0110110011100010
01101100110001101010101001100011011111100010
01101100010011001100111011110101100000111100010
011011000000110111000001001110100110010101011100101111111100010
011011000100011010011110011110100110101000111111111010000010100110110010011100010
0110110011010011010111110110010010011011110010010000011010001001010111100100011110001000101101100110011100010
0110110011100111111100110110100011001010110111001001100011100010
0110110010100100101010001111100010
011011000101011110011100001110100011010101000101110101110101101010100101100011101011100010
01101100011100010
0110110000001110111101111110010110011100010
01101100000011100010
01101100111111100011111100010
0110110010101001110101110100001010010111110011010011111100010
011011001010011100010
01101100001010110111110011000001100011010100001111010101110111000111101011110001111011001001111001010001000011011100010
0110110000110011100010
01101100100111011111001011010000001011110010010101010010111010101111011101100100101110001101001011011100010
0110110000000101100111100010
01101100011100010
0110110011110010011001100101000110101011011111000100010011100010
0110110010010100100011011101010001101111010101000000001001101011100010
01101100111010001111011100010
0110110011100110011011100111100010101000001001100111011000110110010110111100010
0110110000011000001100111000110001100110010101001111111100010
011011000100100100111011010011100010
0110110010101011101110100100000101101000011001111001000100111000100111011100010
01101100011100010
011011000110111001100111100010
011011001000011100000100000001011100010
01101100110111011100010
011011000110011100010
01101100100010011100010
0110110000011111001111100010
01101100000110101111000110011000111111000000011001111011011000111101011000001011011101000010010011110111110101000111100010
01101100001110100011000011111000000100011010001011100010
011011000100011100010
01101100011011111101010011101111100001101110011011011101100100111100010

011011001010000110111100010
01101100000111100010
0110110010100101111101001011111100110111010000111100010
01101100011110111110000101111111100010
0110110010110011100110111000110110101011100010
0110110000101100111100010
011011000011100010
011011000100011100101101101101011100010
01101100010011101101011111010110110010011000011100010
01101100101100101111110100101010000111100010
01101100011101010111100100010101111100010
0110110011100100000010110001111100010
01101100011111011101001000000110000011100010
011011000111100010
0110110010100000010110000010001110011100010
0110110000101101010000001001011101111001000111100010
0110110000110001100110111101010010100101001101111100010
0110110000000101001101110010111101000111001010111010001110010111100010
01101100100010100010111010010001111100010101011011111011110111100010
011011001101110000101110111000111111100010
011011000011010101101110011111100010101110100011011000110111111100010
01101100011100010
011011001001000111100010
0110110010101000101011110011110111010111111110010100111100011111111001010001001011110011100110110110011100010
01101100010010010010011100010
01101100010001110000001111011100010
011011000110010000111110111100001000010101101111111000111111110101100011110010111111001100101010000100101001001010001101001010100001100001001111001010011010011110110111100010
011011000110101000011001001001110010101100111100010
0110110010111100010
01101100101110011100010
011011000011111101010101101011000000011001000111011100010
0110110010101010111100010011110000111111100010
0110110011000110000010111001011010010011101011110001100110000011100010
01101100011111100010
0110110001100010101101111010100100010111011100010
0110110011101101101010010010111100010
0110110011111111001010111100010
01101100010101100011000110010000000111001011111000111101110011011101001011111100010
0110110000001001000001110100111100011100100000011100010
01101100111011111011110111111001111010110111000010001100000111011111100010
011011000011110000000110011111000011110101001110001110111000100101011100001110010000010111100011000100100011101101000111110010010101100011111011100010
0110110000001000000001100001011100010
01101100011100010
0110110010001001010110010001100111011100010
0110110010110000111010010111100100001101010101011100010
01101100100001010010000111100010
0110110011010101011111001111110101011011100010
011011001101001011111110100001110110011100010
0110110011011100010
01101100101010100111000110011000111001111001001111000101001111111001111101100100001001111101111100011111100010
01101100000101010110010100001010100111111100010
011011001101010010000010000100101111010000101110111110011100110011101010000001001000011111100010
0110110001100010011100010
011011001110001111100010
01101100011100010
011011001010100010110000111100010
011011000000001011100101011100010
01101100010010000000011100110000100110000110111100010
01101100111000000111111101110001100101100111100010
01101100000111011010111000101101100111101011100010
0110110001111000100110011100010
0110110011100010

011011000110010011100011011111100010
011011001011001011011100000111010101011100010
011011000110100010101011100010
01101100111100010
0110110000010001011101001010101110000011111100010
011011000100010011010110100100101001110100110000001101100101001110110111010111111011100010
0110110010100011110110010011001000110001100001101111101000001010111101110001011100011011110100110100101100000101010010100100111100010
01101100010101110100000111100101011101001110111100010
011011001110010110000111100010
011011001010001101011100010
01101100110101111111001110011011110011011011110011011100010
01101100100111100110001110110110001100010011011100010
0110110011100010
0110110001110010010100111110111011001101111101110010101011011010100011000010010101100111100010
011011000011110000100001100101000111010000010010101010101101100101111000000111111010111100010
01101100111010000100101101010011101110001011011100010
01101100101010101101001000001000110110011100111100010
011011001011110100101001011111011100010
0110110001110011110100110001100010100100111100010
0110110001100000110001100001001000010110001111111101100100000111110011100000111100010
011011001101010001010011111001001001111100010
01101100101000110001101100110011100010
01101100100011001111110110100100010011011110100000111001110010011111011111111111001011110011101010100111110101111101001011010110111001010111000000001111011101110100001001100101010110111010111111100010
01101100010000010101011110011111011100010
011011000000100110111000111000011010000001110010110111111101101101011111111100010
0110110010110111100010111100010
01101100111101110000110001111000010001011100010
0110110000011100010
0110110000011011101101011100010
011011000101110000110011100010
0110110000000011001010010110101110001001101101111010000101001101001101101000010000100101110001101100100011000110011000001010011010110011100010
011011001101011001110100011111101111101001001100101000111101110011110101011111011011001101100111111101010011111001011100010
0110110011100010
01101100110110010011011100001101011100010
01101100110011100010
01101100011001010101110011111010110000101010010000000101001000111100010
0110110001111100010
011011001100010110001010101101010010011110001101111001011100010
0110110010011011100010
01101100011010010110111100010
0110110010001100011100010
01101100011011110001011000001111100000011000110001101111011010100010011010111111001000111110010100111110101101100000001001000110101011000110111110111100010
0110110000110011001000111110111100010
01101100011100111011101010010111100111100010
011011001110100010111100010
01101100100101100010011100110001101100000000100101111100111100010
011011000001111000111011100010
0110110011110111000000001011100010000010011100010
01101100010011100010
0110110010101111011110111100010
01101100101111100010
01101100000000111011000111101100110110000101100001011100010
0110110010111100110101000010101100001001101110010111010010001111110000101011100010
01101100111100010
0110110010001111100010
0110110011110111101110110000000011100010
011011001011100010
01101100010000111100010
01101100101001100010111100010
011011000111101011000001110000100111100010
01101100010101111101010101110100001010100110100000110001110000010111111100010
0110110000110010001111100010
01101100000101111100010
011011000011010000011001000101011100010
0110110011100010
0110110010101011010100100000000001000011101001011101011100010
01101100111111101010111000011100010
01101100001111110011100010
0110110001000010100001101111100010
0110110000110100101000010100001000110011110011101010101100101100010111100010
01101100011110110100111111011100010
0110110011100010
0110110010100011000101101111100010
011011000011100010
0110110010011100010
011011001110010111100010
0110110011010101010110001110010000111011110011100010
01101100111100010
011011001111011100100111100010
0110110011000001100110011100010
01101100111010100101000011110111010001100000000011100010
0110110010011100010
0110110010010011111100010
011011000110000110100110001100000010011100010
01101100100110100100111011110110110010100101111110000000101110111100010
01101100101100000011111000000001011000101111100010
01101100001011111101111000111100010
0110110000011011000111100010
0110110011111000101011000110010010110011111100010
011011001100011001100001111101111010110001001001010101110011011100010
0110110010010011100010
01101100001001101111100010
0110110010001000111101001011110001110011100010
0110110010000111100010
0110110001111010111100010
0110110010111111001110111011100010
01101100100111100010
01101100101000000011000110010001011100010
011011000110110101001111011100010
011011001101001111001100011000001111111100111011000110100110010101010010111000011110111011111100010
01101100111011100111110110111111111100100101101001010001111110111101101111101100011100000010000000100000111111010000001110100100001010111000011001011100010
01101100010110100101011011111000100001111111101001011100111000010011010101110110100100010101100101011100010
011011001101011100010
0110110000010110011010001101100110000011100000011100001001011100010
0110110010110100010000100010110011100001110100101100101011100010
011011001011110111011010011001000000001010111110011110000010100011111110111100010
01101100011100010
011011001101011100010
0110110001001110111110111110011010111010101111100010
0110110010011100010
01101100010111011100010
0110110010101100011010111011100010
011011000110100010001111101000111000000010010100100011110111101101010110100110011011110111110000011011101111110010111101110001000100101011100010
01101100101011100010
011011001010010011101111000010111111001111001011100010
011011000101110101111111111100010
01101100110011111100010
01101100101111001000111001101101010010010110000111011100100111001000000010111111100010
0110110010011001000111100010
0110110011101010110010011100010
011011001000010101011100001000010111011111100010
011011001000111011100010

0110110010110000110111011100010
01101100000111100010
0110110011100010
011011001011111000110111100010
011011001100111100010
011011001110101111100010
011011000111111100010
0110110010100010001001011101110000110110010111100001011110101000101100101111000010000111100011111100010
01101100110111100010
0110110010010010011111111011100010
0110110010011110110100111010101001010011101011011001100111100010
011011001110111100010
0110110000001111100010
01101100110001111011100010
0110110011111100001110001100000111100010
0110110010010101100000001000011100010
01101100101000000011000100111110101011100010
0110110011101100011100010
011011000001111010000100111010010000000100111111100011100010
011011000010110011000110111111100010
01101100111100010
01101100101011000111001111001010111111100010
011011001011010100011111100010
011011001110001010111100011100010
011011001100011100010
011011001010110110111100010
01101100110000000001000011010010011011100010
0110110011010010111100010
0110110011100010
011011000011100010
01101100101110010101111000010100011100010
01101100011110000010100000101100000100010010110101001100111101001011111001000001011100000100101011100010
011011001110101100010100101000101101100000110000111100101000101100111101111111101110000111100000100101010110110000000111101011010010001111111100010
01101100001101001100010010010010100111100010
111
01101100010110011110100001010100000101001110011000111000100111100010
01101100100100110111001111110000110001000100011110000011100010
011011000110000001101101110010111100010
0110110011100010
01101100110001011010011010000100101101010011101101000111001111100010
0110110010001011000001111100010
011011001010000110001000100110011010011011100010
011011000101111010100011100010
01101100111111010111111101100101000101000001111100010
0110110000010110100111100010
011011000111100010
01101100001001001111001011111101101000101010011100010
0110110010010100111111100010
011011000100000111011110011111100010
0110110001110101101011001101111001100110001110110101010100101010001011100010
0110110010111011011101001011010000011110000010111100000101110111110010010100101010100010001000101011111011011100010
0110110010000000111110011100010
01101100100111000110011000010011001001100000011100010

01101100011010010111011100010
0110110000000010011011010110010100100100011100001111100010
011011000011110011100011000000001100110110101111110001011101110001101111110111111110111111100010
0110110011100010
01101100111100111001001010111000001011111010111110010101101000111011100110101101011101100000111001011100001111100011100010
01101100011100101011011110111000111000001111100111101010010111101111111010001001011011101101111011111010000001001100111100110011100010
011011001011100010
0110110010000010010111010011100010
0110110000100111100010
01101100000100011100111011010000000111100010
0110110011100010
01101100011111011100010
011011000011001111111101010110101011111100010
01101100000001101111111100010
0110110000000001011100010
0110110011110110000010111011100010
01101100011110011111000111010011100010
0110110000101000010111000111100010
011011001100111100001000001001110101010000111011100010
011011001101101000100010111110001101011110101100010001111011111101111101101111101100111001111001011110111111001110010110100110011110101111000011100010

011011001111100010
011011000001011000011100010
01101100000000010100010011001001101010100111011100110011100010
0110110000111100010
011011001100000111110000001111100010000101000101100111110000000101110100111010110011001100110000010000000111100010
011011001100110110011101100011100010
011011001010011111001011000001111100010
01101100001111100010
011011000011010110011100010
01101100010000101100011100010
011011000110010000100010111111101111100010
0110110000110110111110010011100010
011011000011100011100000111100010
01101100101001101111010110011010010101011110101000000010010111100010
0110110011100010
011011001011001110100101010100010010011110000110011100010
011011001000100111110110111100010
0110110010111011101011011100010
0110110011000111100010
011011001010111001110110110001110011001111000111100010
011011000000111011010100111100010
01101100101111001100001010010111110111101111100010111110001001100111100010
01101100101000001111100010
01101100010000000100100011011001011000101011100010
0110110011100010
0110110000001110111111011111000000100001110000100110001101111011011111100010
0110110010111100010
01101100111010001101000000111100111110110010110101010110011100010
01101100011101101001110011111100010
011011000101011100010
0110110000111010010110110101100101111101111100010
01101100011011111101010011100100111100100101111100000001111100010
0110110001000101101111001101011100111001000010101100011111100010
01101100010100011100010000110011001111111100101111001101101011011000010101111100010
011011000000000011100010
0110110001000111100010
0110110011111100010
0110110001000100110100000000110011000000111100010
011011000001011110001101100100010011100010
0110110000011111101011011010111100010
0110110010111100010
01101100001100111111100010
011011000010011000010101010100011100010
01101100101111101011001100100100111100010
0110110011100010
01101100110101000010000110110111001011100010
011011000000101011010100001011100010
01101100101010011010011111111111111100111100010
01101100110101001111111001011101101000111110011100010
0110110011100011100010
0110110010010111101100001000000000010111111001011100010
0110110010001110010100111100010
0110110011110111111010011100010
011011001011100010
01101100111100011
0110110010101001100001110000000101011000110111111100010
011011001011001011100001100010011100010
011011000111100100111011011000100010100101011100010
01101100100100111100010
0110110000100000011010101010010001111111010101000111110101101001100010010001011111100010
01101100111100010
011011001000011100010
01101100000111101110100010100011111100010
0110110001011011001111100010
0110110010000001110100000001010010110010000111011100010
01101100011011100010
011011001011100010
011011001111001110111001110001001010110100010110001010011111111010100100110010001011111100101011111100010
01101100001110111100010
011011001111100010
0110110001010001110011101011100010
01101100001111010111011101110100010111001010000111100010
01101100010000000110011111011100000101011100101010110011110111011100010
011011000011100010
01101100011011010010100010000011100101001000111011000000101000001100011000100011110100100110111100010
01101100111100010
01101100000010111100010
0110110010100010110000110110001001100011100000001011111001011110111011111010100010110111001101100110000000011001011100010
01101100011000111100011111000101000111010001111000011110100010001010111111101101000011110000011011100010
0110110010011011001111100010
011011001111000100111000100010100011000100010001111100010
01101100101000011011100111001111000011100010
01101100011100010
0110110010111100010
01101100110110100001100010000100110111100111100010
01101100110101100111100010
01101100001011010010000111100010
0110110010011000011001110110100010111011011110010001000010111100011001010100000110111100010111011100010
0110110000111011100010
011011001110000111001001110011110000010111111000110011100010
0110110011001000001100110101001010111100010
0110110010011100001010101101110010111110001100000011111110010011110011100001101001001011100010
01101100011010010011011100010
011011000011100010
011011000011101001111110111100010
0110110001010011100010
0110110001010101010000111011101110111111100010
0110110011111100110010100111100010111100111111010000001010110101011001001001011011001100101101111111001010110011100010
011011000000100101011100110110110111101111000100101001101010011100010
0110110010111111100010
011011000100001000100000000110101101001000001101010011010110001100111100010
0110110011100010
0110110010001000111111101000011111100010
0110110000100000111000100111111010000110010010111100010
0110110000001111100010
011011001110111100001000000010110101100111011011101110100100110010101110100101100010010110011000010001111100010
011011001100111010111111011011100010
0110110000111100010
01101100001110111100110110001111100010
01101100110111001000100001011111100010
011011000011011001101000111000110010010011110001001100000110101000000011100010
01101100000010110010010101010111011110111101110011100010
0110110011110011100010
01101100101101010100001010111110101010010010001001001011110011110100010011011001111001010011011110101000010110001111101101101011110111011010110110111100010
011011000011011100010
011011000101001001111100010
01101100011100000101100000011100010
0110110001110110101101111100111001000100111100010
0110110001101101111011100010
0110110011010010001011100010
011011000000000110110101101111101110011100010
01101100111111111011010111001100000001111110010011100010
01101100011110001011010000000010111100010
011011000101110011100110000001000111111100010

0110110010011011001101111110000011011111000001111110110101000100001011001001000110101101011011000111100010
01101100000010000111111100010
01101100100001100110100010110111000010101001001010001101011100110001000010011001100101011011100000001000101101011110100100100110011001111110000001111100010
01101100001001011111100010
011011000111101010111101111100100000000111110001100001000111011000011001001010000111100010
011011000101100110100010011100010
011011000111101001010010001000011100010
01101100010100110111100010
0110110010110100000111100111011011100010
01101100010011100010
01101100000111011111100010111100010
01101100000001000111100010
01101100101111010100111100011100010
01101100100101011100010
0110110010000101111000010011111001100100111000010011010101110010111111001010111100010
0110110011110111011011101110011100010
0110110010011011011010000101111100010
011011000100101011111100101100101111111100010
011011001000101111110011100111111110100110101011000001111110100001100111111100010
01101100010101110110111100010
011011001010100110111100010
0110110000111110101001000111100000111100010
011011000011100010
0110110011100010
011011001101100011011100010
01101100101110000001111100010
01101100100000111100010
0110110001100101110110010011100010
0110110011101001110101101000101100011100010
0110110001110010111011011011011111000111001110111001111000111010011110010100110111000000101111100010
0110110000111010110100001001001100111010010110100101000111000111100010
011011000100100101011010110011100010
011011001001101011111100010
0110110000011111100010
01101100000110101101001000111100111100010
01101100111101111011011011011100010
0110110011011000011100010
0110110000101100011100010
011011000010110111100010
0110110010100011100010
0110110011100010
011011000011100100111101110101011011000011111111101001011000100000111001000011000011111100010
01101100001111100111111010011001000110011100010
0110110011100110100001100001101110110111001001110010111100010
0110110001001110100110010001100001001011010100111100010
01101100001110011000111011100010
01101100101010110100011100010
0110110000101010110100011100011100010
0110110010000011011101010011011110101011100010
011011000010110010110010000111100010
011011001110001001011100010
011011001010001010100110011100010
011011000011100010
0110110000110010001111001101000011100100011000110000000011100111100010
011011000011111001111110011110100010011100010
011011001011010000111001011111101001011001111110101000110000101111110011100010
0110110010001100000111100010
01101100101110010001111010011100010
011011000111011010011010001111100010
011011000000111100010
1
0110110000111100010
011011001001001011101101110101110111100010
01101100110101010111110110010101110011110000001100111001000010110010100111011100010101001111010001111110100000010011000110011100010
01101100100010011001000100001001110000001110000000010111111100010
01101100000111010100101001101010101010101110011100010
011011000100011010111010011100010
01101100011110100111010110000011101101011100100000101100010111000001001110010111000010001111000000001000000011100010
011011001101110001100000100010111110111110110100011110101101110100110100001100101010111100010
011011000100111011001001011110000101001110000101100110101101001100010111110111001101111100010
0110110001111100001010111100010
01101100011100010
011011001011001001110010001100000010111100100000101101111100010
0110110000100101000110100010101100100010000100001000000111101111111010111110110011100010
011011001100011100101110000010001111100010
011011000001111100100000100101101000011111100010
011011000110001000110011000000111100010
01101100011011100010
01101100111100010
01101100000111100010
01101100111110011100010100011100010
011011001101101000011000100010101100000111100010
0110110000110011011011000101100011010001100100011100010
0110110011110110101111110010111011111100000100001000111011100010110000110110110110000110000000001111100010
011011001001110101000001110011010001110110111110000111111100010
0110110001101010011111001100011100100001110111110110101000110101101000110101101100101011011100010
011011001100011111101000110100101001000001000011100010
01101100111010101001100101100000011011100010
01101100100010001111101011100010
011011000011100010
011011000000110011100100011100111100010
0110110011101100111111100010
01101100111100010
011011001110101110100011100111100010
0110110010001111110100001010011001011000011101001110011100010
01101100011111000100111111011111111100010
011011001000100100110110011101100010010010100101111100010
011011001001101111100010
0110110000011011101000001011011110011101011100010
0110110011110110011100010
011011000111011000010100101111110011000111100010
011011000001011010111011000001110001000010001111001111111111100010
01101100000000000001011110011000000111100010
0110110011010111011111011100110100011100010
011011000011001001001100001000110111100010
011011001110011011100010
011011001101001001011100010
0110110010111011100010
0110110001010001101001110111110001111001011100010
011011001001000000111000111000000110001011100010
0110110011111100010
0110110011100011100010
01101100100011010000111101000110111001011100010
011011001011100010
011011000111011000110010011110110000011110001101010010011000111100110111000110010000100000011000011100010
0110110011000010010110011100010
01101100110100001110001011010110001001000100011001010110011011011101110101010111101110111100010
011011000001010110011110010001110010111011100010
0110110011100010
011011000010111001000011100010
011011000111011011100010
011011001111100011011100010
